[taustapilt.jpg]
moddate=43a8ad92b547d101
width=600
height=315
text=1;135;14;ALUSTA TESTIGA;Arial;0.086547,0.382590,0.188496,6.283185;v1,4278190080,4278190080,128.000000,1.000000,0.500000,1.000000,700,2,49152;;
textactive=1
